373
773
798
304
94
989
291
19
892
694
5
876
51
727
470
962
341
474
23
574
615
668
190
63
629
123
974
644
64
665
813
2
844
398
542
768
134
98
733
217
142
700
426
405
990
461
941
213
207
644
418
399
974
959
22
116
779
310
234
165
829
599
79
323
565
876
243
522
507
635
177
161
100
982
972
289
530
827
777
668
848
159
330
43
342
156
478
216
795
524
876
33
620
712
723
740
461
626
241
586
878
344
306
30
655
327
978
848
689
946
410
188
651
66
270
702
823
752
726
856
426
648
731
836
14
340
91
885
733
267
587
152
44
791
945
257
400
517
431
600
97
723
130
111
702
220
926
561
396
177
236
447
250
692
161
711
529
197
172
190
867
838
754
62
806
473
10
18
714
17
786
369
624
162
796
120
162
827
977
124
384
920
545
770
967
990
383
818
234
224
745
479
603
990
429
441
117
335
276
804
942
990
322
391
392
36
11
548
896
647
556
31
31
985
512
806
361
747
628
700
33
403
734
726
208
777
116
24
784
283
70
783
524
288
462
606
821
211
483
379
571
246
991
442
4
981
820
258
752
319
2
344
525
477
282
208
881
495
239
842
877
70
446
208
761
231
560
615
180
498
240
435
878
786
891
269
362
606
971
419
407
347
843
598
437
620
163
141
528
432
945
521
366
204
37
890
547
9
941
51
938
334
797
475
868
997
348
297
940
914
394
797
304
487
242
785
464
421
199
397
470
704
319
149
200
706
967
624
454
76
378
459
570
164
854
578
306
535
113
104
160
982
472
574
868
834
606
422
927
282
162
203
132
861
463
421
144
440
598
709
622
323
760
204
407
758
820
472
344
628
283
893
893
772
969
685
935
288
738
927
286
716
773
192
872
57
768
400
615
470
593
917
598
285
664
310
498
300
989
372
890
312
772
323
919
331
322
643
501
284
638
893
3
989
136
353
475
61
483
305
758
777
518
887
276
873
151
937
458
482
79
403
80
739
913
91
740
166
299
723
691
182
9
97
259
225
770
31
637
739
811
449
529
734
581
694
56
995
868
401
278
838
698
808
742
420
387
260
108
801
675
752
714
195
856
87
287
209
646
885
287
192
791
805
566
144
694
259
249
929
717
841
35
39
539
459
160
20
404
836
75
176
281
337
192
485
807
446
615
325
502
213
613
21
147
458
788
339
961
149
621
25
746
376
389
742
264
663
31
36
720
284
133
30
742
543
914
277
358
767
719
808
902
974
261
463
570
313
164
324
752
982
692
957
261
976
331
399
723
210
488
583
519
914
608
179
491
726
429
445
906
736
835
900
831
796
785
82
605
707
691
653
320
55
511
737
623
115
31
331
688
332
104
352
655
661
507
2
205
264
966
277
218
558
123
866
934
193
587
175
368
961
323
791
136
580
860
335
849
854
473
455
502
938
269
648
975
331
472
42
70
199
177
849
289
499
173
821
260
473
647
372
122
698
456
31
755
73
163
418
635
279
506
532
928
880
943
632
604
246
687
735
467
262
812
942
13
515
842
75
482
157
319
726
827
735
197
224
249
234
787
7
461
478
404
397
763
969
46
684
190
319
268
154
485
362
514
246
146
70
863
620
817
88
850
171
532
843
114
805
824
338
726
354
612
528
233
712
248
263
340
934
700
145
80
652
72
486
892
584
44
184
523
116
156
834
111
792
879
260
321
248
846
824
157
205
464
962
64
631
59
830
106
441
530
152
948
260
6
290
618
781
300
571
193
580
282
24
941
317
489
15
916
625
221
444
101
918
214
609
294
937
206
414
977
503
200
754
299
78
900
439
190
264
890
263
364
619
90
883
993
48
448
637
161
892
500
239
900
708
474
486
819
590
852
957
564
641
465
138
686
371
946
296
494
30
218
996
247
728
179
180
988
414
183
843
537
957
966
91
372
980
999
10
393
765
218
829
361
20
985
720
481
220
511
345
486
246
752
843
240
367
582
947
109
212
946
104
458
705
174
17
858
589
118
177
530
869
540
520
284
66
530
618
445
105
997
253
32
743
873
413
388
596
223
609
808
859
685
458
468
324
247
83
817
404
921
647
841
801
243
932
370
309
757
625
491
286
162
224
55
659
567
645
225
102
280
332
19
41
454
291
800
384
554
332
657
454
362
325
664
990
783
721
152
148
875
62
971
233
753
212
349
167
752
498
680
841
549
875
800
708
741
180
666
750
340
36
756
575
297
534
515
205
554
678
819
808
197
867
676
931
97
379
375
242
765
292
648
298
908
363
519
457
596
54
540
896
24
802
980
130
477
565
281
293
967
377
620
602
834
111
919
517
781
309
849
943
870
9
226
796
798
791
135
615
167
418
318
83
197
427
435
154
680
710
587
924
452
918
714
938
431
743
959
803
291
869
552
743
951
644
275
652
703
918
612
381
608
417
94
737
923
743
311
858
544
499
247
226
787
470
209
615
698
28
67
18
666
279
407
383
754
781
292
93
284
585
251
878
578
859
121
25
619
728
23
205
43
89
652
175
857
409
974
396
718
476
67
731
853
200
935
789
759
565
512
873
437
304
905
834
66
228
945
211
112
601
681
571
875
269
361
366
27
913
796
992
42
86
996
440
468
204
440
571
741
32
906
426
78
871
216
493
27
48
293
264
218
674
829
970
133
861
126
923
681
5
412
774
644
12
643
293
126
341
741
271
648
107
322
131
640
301
639
897
229
570
479
202
434
620
886
902
336
136
614
115
536
144
462
512
377
389
203
926
514
612
444
1
364
840
962
272
187
740
926
682
718
370
196
814
968
354
779
82
150
649
328
325
229
25
632
177
177
854
402
616
829
872
387
106
930
496
15
594
834
669
25
975
658
60
210
259
663
446
816
440
782
210
584
220
116
584
30
874
682
790
134
290
156
808
795
53
938
989
968
9
852
655
418
468
808
29
344
312
484
716
50
445
138
570
897
565
790
645
977
595
492
702
483
204
563
135
527
515
618
661
384
217
291
596
639
401
471
265
149
605
744
143
336
238
962
231
371
580
204
740
400
561
487
891
756
990
468
747
154
19
495
727
209
988
747
241
123
344
622
973
876
7
451
597
868
600
796
170
465
814
97
203
467
768
53
436
604
174
114
980
983
431
980
679
857
972
679
843
181
7
876
290
510
698
704
117
724
445
979
912
400
654
388
338
330
600
309
525
67
533
122
956
141
30
592
655
700
316
95
848
359
20
501
779
618
742
5
892
415
174
407
222
842
222
696
563
409
806
975
659
944
726
383
39
922
631
127
782
925
454
364
51
280
881
303
51
299
735
964
835
253
650
429
945
22
986
170
718
252
933
868
816
775
675
587
999
325
588
68
494
408
120
813
133
489
826
532
699
619
818
801
455
129
490
819
710
634
641
970
39
673
746
13
882
2
574
796
79
157
148
722
592
924
549
8
421
12
973
549
757
226
93
431
77
822
583
334
455
384
234
328
277
787
122
808
410
235
903
289
504
710
552
92
400
853
240
633
733
212
541
111
304
58
556
283
62
301
764
360
197
377
451
997
451
854
212
464
121
25
550
417
541
239
983
355
828
686
682
398
219
102
406
118
763
682
350
976
806
865
772
212
866
423
442
895
715
44
552
187
643
628
228
779
23
919
496
128
781
325
595
765
175
876
318
523
81
720
640
447
509
614
641
988
445
876
876
413
293
103
836
519
840
456
649
959
776
757
641
864
459
963
840
346
667
457
352
707
332
292
855
420
628
385
566
326
493
661
932
613
871
850
316
955
314
619
449
198
254
666
166
432
419
172
591
575
101
263
128
808
927
279
902
441
909
678
510
636
532
312
944
765
557
111
495
573
572
827
956
353
425
850
113
136
894
723
276
943
53
349
358
445
934
129
562
776
245
342
926
599
160
73
864
559
685
259
900
426
274
312
406
496
188
529
625
212
78
564
724
42
180
312
542
873
888
742
339
358
468
721
837
875
203
970
232
510
526
881
510
544
396
985
542
538
176
645
536
465
41
419
737
606
675
900
190
932
722
642
268
818
932
463
543
825
73
295
800
614
557
316
64
949
582
198
113
119
746
355
616
903
823
311
516
957
699
436
988
947
286
170
309
947
664
908
672
358
205
305
950
212
511
531
638
650
241
280
635
244
123
756
788
82
184
975
178
356
508
91
547
623
442
939
644
982
167
780
61
18
673
539
209
633
409
34
529
605
307
608
441
712
948
193
928
79
274
406
199
896
52
601
272
538
716
141
246
205
723
538
177
715
575
251
746
625
117
575
778
626
811
681
459
774
554
469
691
851
559
648
852
6
517
692
997
645
988
994
472
330
784
844
83
945
547
814
891
932
901
776
76
52
224
996
788
822
514
113
164
491
372
920
755
112
177
643
703
696
997
650
696
255
903
406
636
112
646
92
245
971
950
530
238
120
561
946
886
567
240
444
669
328
899
289
261
912
650
581
913
148
530
536
526
414
633
241
403
836
677
807
663
116
2
537
502
290
808
751
16
189
498
979
698
828
516
511
461
846
560
71
540
658
213
388
472
717
82
252
350
331
125
341
325
553
112
365
644
954
691
527
39
442
102
136
744
648
894
789
744
942
495
932
672
895
168
602
648
235
652
318
584
816
133
896
828
623
855
835
565
124
97
32
298
202
976
12
726
252
185
44
180
405
518
545
200
803
128
988
425
738
851
518
558
178
43
543
208
498
216
225
279
902
961
656
179
994
821
827
213
209
925
863
870
519
921
438
281
761
223
224
67
789
366
45
181
438
734
985
287
83
963
461
623
958
951
788
529
15
799
848
98
460
162
371
19
65
205
69
512
567
781
578
183
767
454
846
204
186
121
607
240
38
308
88
596
555
702
645
45
711
337
936
93
988
44
129
642
499
231
541
156
443
92
73
183
30
544
281
693
67
107
492
9
549
307
105
988
269
161
751
729
323
785
630
210
259
737
42
201
375
776
515
176
58
269
79
905
508
565
947
496
797
539
48
879
53
39
443
276
428
437
810
132
32
89
555
595
626
401
845
270
757
424
215
105
713
579
188
750
44
237
131
987
989
387
720
169
427
986
263
28
360
857
360
550
115
696
720
476
438
670
947
862
974
776
56
431
258
581
260
313
732
534
659
441
688
994
605
452
865
349
62
580
760
849
796
523
572
892
968
945
436
366
566
683
736
145
402
705
306
924
172
56
401
809
362
656
610
262
617
956
223
752
431
416
942
513
623
395
902
480
685
316
361
498
710
814
430
291
79
313
724
910
511
162
380
613
309
948
410
748
58
121
442
567
455
156
398
256
833
21
962
647
675
825
961
656
733
984
129
480
652
327
830
566
458
382
14
825
278
9
763
158
474
415
835
564
205
722
255
963
177
987
121
431
347
30
197
756
894
619
800
174
146
370
41
747
844
43
92
734
940
23
519
723
527
296
649
297
972
203
342
654
917
849
989
433
406
229
923
516
125
18
536
245
566
546
516
700
341
945
991
598
878
634
938
89
414
579
988
124
708
88
830
740
726
37
636
849
821
441
208
716
167
599
330
329
468
156
494
723
801
81
895
485
56
399
946
741
882
897
976
718
910
511
665
27
905
542
233
607
954
621
516
119
726
533
758
689
786
966
193
609
302
629
41
345
827
404
439
360
580
74
622
659
758
483
162
684
719
687
239
731
750
412
990
882
324
857
446
100
339
17
275
974
278
623
513
506
759
230
446
145
888
869
417
219
603
486
323
194
609
167
439
568
72
387
496
976
552
543
547
498
226
554
357
360
650
773
215
297
358
881
344
896
602
83
793
65
660
45
636
800
453
876
868
130
459
675
195
884
742
373
326
534
275
790
690
566
523
387
364
50
797
629
174
206
941
231
14
891
225
826
594
917
630
566
740
337
491
650
967
952
87
59
55
660
811
162
543
504
400
683
699
756
629
148
4
138
552
774
200
640
949
777
431
502
656
404
902
526
446
81
948
57
602
827
188
262
723
879
645
418
996
18
472
79
661
470
772
573
720
114
142
778
817
308
218
787
413
321
281
531
506
235
371
748
174
999
470
57
456
458
727
985
211
911
950
684
679
583
262
521
361
419
395
555
671
281
553
940
868
280
642
357
929
643
81
464
28
51
19
242
898
453
740
707
657
531
171
788
843
717
103
468
795
725
652
684
97
213
425
13
16
754
557
581
711
737
145
267
70
548
131
380
41
696
238
621
805
596
926
151
909
965
190
811
702
51
507
260
434
98
552
849
150
249
498
361
673
26
603
356
704
132
958
671
914
174
277
732
581
915
841
644
166
702
176
42
850
782
850
711
721
169
18
70
144
268
502
51
178
162
537
524
333
659
178
235
802
512
305
766
136
231
141
904
263
565
301
757
17
641
528
942
381
663
453
577
245
69
660
640
320
241
195
344
742
4
509
35
230
444
35
49
585
206
340
533
973
63
910
895
271
949
797
36
787
369
361
227
159
648
144
244
290
933
430
727
251
358
114
699
603
288
825
692
396
489
828
87
959
47
295
387
624
421
161
212
528
765
675
162
549
432
797
849
713
169
273
524
846
108
562
717
134
109
517
496
630
946
477
214
617
195
305
932
820
783
844
869
584
440
62
487
610
616
792
902
867
2
63
894
301
17
130
828
318
736
716
814
179
383
516
194
812
306
752
538
71
769
778
531
596
312
266
785
928
505
226
265
89
322
828
447
419
571
418
140
288
567
341
126
141
843
591
728
832
266
268
185
264
910
465
363
941
789
718
950
419
307
731
341
4
346
320
846
108
637
33
726
845
755
776
667
474
991
552
780
953
926
342
371
244
580
885
735
580
547
965
360
798
293
346
718
320
983
83
249
825
887
792
533
476
882
165
700
741
484
76
994
247
292
533
57
916
269
850
941
903
404
521
224
465
192
947
883
9
711
80
74
410
238
659
743
96
419
890
3
261
481
371
592
27
23
230
393
387
838
580
22
402
554
880
45
508
858
149
392
710
731
186
440
492
66
562
77
800
787
39
749
664
778
227
419
901
931
256
217
22
963
763
247
652
307
170
589
131
181
981
159
197
156
460
14
392
890
905
921
711
339
245
409
860
763
118
113
816
907
561
608
806
54
103
318
956
303
671
87
954
535
778
827
423
107
263
933
310
859
260
279
373
660
579
583
220
941
300
686
797
51
844
69
950
122
859
44
156
43
282
430
526
418
889
125
389
541
599
207
703
438
67
702
721
731
215
119
49
485
305
59
204
805
284
922
670
266
162
638
479
470
352
737
27
842
923
781
565
36
799
676
656
760
663
145
504
498
814
7
925
382
576
485
476
768
785
128
558
408
334
546
671
144
142
203
815
393
71
435
279
871
288
107
818
124
519
828
724
984
254
413
611
326
664
647
224
595
634
220
346
237
686
299
892
977
167
83
534
767
711
400
65
929
769
21
574
504
844
996
472
443
982
865
666
211
565
737
703
727
741
16
944
98
647
174
994
708
251
66
27
670
572
249
545
79
208
845
248
256
451
358
811
829
49
194
215
660
93
988
607
214
560
965
730
92
485
21
782
108
108
776
802
279
395
800
560
106
93
107
86
510
629
916
47
202
89
750
61
560
795
815
594
833
56
355
195
70
856
727
94
113
271
575
502
462
808
597
748
54
971
339
948
482
58
245
981
581
275
276
143
266
351
922
566
913
163
530
788
310
156
50
153
76
786
374
555
716
829
231
351
864
788
854
851
422
211
148
279
791
73
698
936
717
247
854
886
217
533
704
328
438
129
644
503
656
177
268
881
765
398
761
787
945
945
470
589
128
904
381
125
143
784
592
675
198
580
134
577
423
954
120
698
29
79
39
741
334
228
4
511
954
304
586
452
712
44
166
251
919
798
657
84
857
708
479
936
754
790
779
833
915
4
908
65
83
678
714
246
791
688
511
936
720
315
878
748
348
589
248
241
699
778
782
723
766
192
338
724
327
240
210
29
784
826
513
982
296
815
301
913
521
916
910
370
921
875
792
997
93
465
439
815
91
406
101
147
217
855
477
689
20
957
342
675
874
187
823
526
234
657
39
251
303
879
135
146
785
686
245
511
431
963
714
791
411
329
563
794
887
886
595
271
336
349
111
22
872
705
469
442
442
948
689
24
124
749
943
26
568
451
930
771
585
928
831
95
652
565
573
544
955
347
87
649
251
607
563
784
567
73
73
845
374
781
897
414
613
603
919
321
973
775
497
379
928
898
998
231
353
925
186
239
126
41
89
421
746
436
214
510
565
704
314
381
784
427
685
353
142
643
105
534
396
281
597
756
668
771
47
378
827
411
143
134
18
247
328
41
784
8
743
943
608
672
668
510
668
251
713
18
890
956
307
78
64
1
969
475
807
370
642
281
510
342
925
959
441
345
891
848
701
547
910
27
479
392
917
656
303
786
742
526
947
892
70
805
513
865
654
641
816
960
210
550
747
959
354
232
687
502
889
713
865
747
239
502
920
433
729
500
875
228
900
456
342
764
590
139
360
355
710
937
871
93
128
330
790
24
355
979
594
701
510
632
851
636
628
637
922
160
94
158
63
145
923
762
185
690
697
424
614
703
317
2
364
289
356
686
288
439
262
908
121
687
871
430
545
504
812
368
121
643
825
193
576
720
283
885
565
983
716
949
17
100
698
65
29
318
236
438
137
781
306
718
212
50
926
853
108
886
68
65
982
38
77
861
154
499
984
943
403
171
716
506
110
50
922
164
4
41
907
867
140
57
944
835
774
545
883
45
334
231
823
141
257
622
88
394
76
561
337
889
912
528
934
562
669
555
204
331
376
561
536
814
221
190
600
950
394
91
429
579
141
933
983
79
476
576
140
472
359
297
438
419
603
749
154
328
268
934
770
160
195
213
691
638
317
842
536
621
37
108
451
761
63
368
198
269
1
687
195
551
569
389
802
230
526
314
538
902
75
909
709
743
876
94
158
753
975
29
368
29
944
352
213
481
845
946
347
844
950
691
81
558
715
357
941
676
114
891
128
283
506
712
146
286
38
385
495
387
265
363
893
776
932
540
345
443
104
856
262
607
139
690
847
530
946
344
487
69
851
310
465
449
6
10
137
5
527
865
530
301
109
253
392
900
615
425
965
370
816
467
361
500
352
454
854
363
848
144
512
617
119
713
711
843
44
354
320
220
171
219
832
204
938
708
493
646
537
76
660
882
670
63
221
806
506
651
322
675
483
298
584
254
127
110
29
881
508
225
809
201
254
568
432
283
440
874
532
541
198
936
844
412
678
898
803
979
127
200
767
451
684
654
119
775
191
410
138
303
735
343
184
309
844
679
585
922
828
618
64
680
586
511
149
83
204
814
250
55
460
109
898
929
557
104
252
361
271
112
735
621
473
283
892
210
723
302
441
383
288
212
125
500
16
956
883
745
791
134
421
237
917
43
89
670
182
798
775
949
447
49
409
83
406
729
875
723
62
451
801
346
306
416
634
693
472
855
106
241
334
441
834
633
566
264
423
29
535
463
924
3
698
743
831
718
538
528
819
279
708
46
716
45
396
985
926
199
49
884
366
65
272
708
885
546
254
1000
758
793
627
619
16
583
981
539
496
539
882
678
200
650
518
977
957
90
136
333
112
232
912
504
145
980
218
713
71
807
950
33
300
747
689
909
915
84
543
174
742
287
938
17
953
457
437
288
37
732
928
185
278
495
853
653
307
590
854
143
580
179
280
127
939
460
927
873
929
228
575
270
720
567
215
989
344
695
63
700
516
873
887
168
236
514
25
920
521
569
332
561
32
415
752
658
482
7
954
458
694
30
474
546
207
863
971
279
941
920
847
141
769
635
901
243
343
909
921
748
443
475
324
180
67
250
511
399
644
97
189
750
28
89
845
150
369
434
680
41
345
602
165
174
399
439
954
72
696
417
268
669
694
683
86
609
322
37
743
337
70
253
362
635
302
979
509
567
375
138
168
481
942
14
108
87
436
698
32
835
311
198
992
887
967
591
932
664
352
233
499
532
775
900
562
299
613
846
163
901
834
687
639
748
897
797
608
744
234
689
909
69
480
938
553
831
896
294
560
413
577
822
931
841
351
7
543
549
605
781
429
667
191
812
354
724
561
196
296
489
852
990
695
574
503
447
957
202
207
627
131
915
990
508
843
247
413
631
26
996
196
108
339
849
798
110
957
151
724
981
677
570
940
749
205
963
826
89
6
8
985
537
379
293
739
967
401
888
191
541
294
13
904
198
757
531
161
308
500
922
176
765
632
668
481
738
983
219
449
267
670
597
711
153
689
207
637
901
411
104
215
88
824
367
439
271
153
626
706
904
160
552
987
400
664
710
426
83
689
35
696
959
587
751
719
265
322
724
671
475
786
913
799
341
422
669
562
176
931
89
819
855
808
818
100
711
540
52
457
904
204
399
133
182
526
657
909
121
851
652
683
774
420
695
727
510
684
257
196
975
618
325
900
558
678
69
456
743
571
949
970
735
702
83
225
986
635
961
960
303
222
529
538
135
776
342
611
599
349
809
9
322
706
384
867
429
225
424
746
520
495
832
659
262
35
491
173
566
484
82
576
323
245
637
668
492
430
812
417
573
693
901
883
98
244
459
303
1
899
613
968
850
259
56
351
841
218
800
123
285
719
566
487
338
343
500
317
127
970
711
806
243
956
982
731
213
590
114
568
970
376
327
336
587
889
270
555
208
370
610
857
427
578
279
618
644
233
728
423
529
444
588
48
295
325
410
46
485
701
426
629
267
44
544
836
108
206
956
1000
81
973
43
587
991
482
776
410
295
594
721
438
844
437
767
691
833
269
954
908
537
656
231
495
410
889
638
368
200
440
792
377
662
151
211
470
683
991
530
712
627
260
707
996
768
62
631
919
390
867
129
460
419
320
329
574
179
985
285
614
282
782
42
575
251
189
143
413
307
46
473
326
508
861
507
372
570
711
963
765
782
94
219
629
410
112
613
530
659
250
218
11
508
977
407
515
560
629
533
140
281
366
555
202
277
674
352
213
624
192
540
211
796
584
900
732
292
629
643
103
307
302
792
535
692
105
794
103
925
725
769
640
485
791
133
682
66
277
324
505
736
298
928
835
532
628
519
32
207
816
446
694
711
504
856
139
593
472
462
32
954
766
735
880
278
362
991
871
564
191
472
404
950
482
469
67
359
538
466
295
910
883
820
682
161
356
49
689
136
372
889
927
243
390
4
26
254
188
272
389
652
246
150
914
573
65
474
622
648
501
247
988
972
555
625
351
438
593
903
146
492
417
826
871
216
316
467
581
84
495
338
219
240
639
853
397
552
987
261
618
699
706
372
833
665
4
140
738
129
439
388
535
926
332
657
270
97
379
279
465
382
271
890
244
939
577
959
446
32
210
35
409
420
947
359
523
516
35
700
620
480
740
956
98
740
617
57
507
598
740
623
928
325
264
611
50
210
235
306
658
391
45
319
268
678
702
58
591
359
657
346
177
489
258
80
269
133
565
240
536
580
410
799
193
536
287
410
77
774
968
651
244
585
910
535
326
989
504
275
614
109
975
937
253
223
7
567
984
545
754
53
50
452
837
986
425
132
30
439
278
919
410
67
65
228
780
21
132
802
649
163
971
687
480
116
810
76
413
759
103
842
846
651
789
308
153
820
441
458
391
382
488
278
930
699
471
684
692
906
388
953
686
616
461
991
617
902
335
65
722
874
35
986
833
864
961
356
23
457
686
605
240
366
288
751
717
217
455
620
445
276
46
935
541
475
929
818
548
937
606
89
307
471
954
846
80
869
527
481
938
482
969
768
865
443
701
156
976
376
500
347
764
222
524
669
835
776
523
221
338
512
594
383
884
819
674
777
683
258
69
801
89
47
61
805
410
851
607
883
696
291
601
348
146
247
138
1
930
863
154
336
365
269
236
7
112
600
950
620
141
155
883
457
115
707
442
991
305
516
161
972
598
661
323
734
731
353
266
358
896
37
30
769
403
630
19
830
511
819
792
845
575
804
181
539
932
566
351
71
638
999
767
66
129
69
90
24
515
41
214
59
733
923
848
408
726
272
151
227
712
67
191
888
511
479
481
843
857
295
27
870
423
458
588
208
911
557
723
789
908
526
332
227
906
565
321
774
613
679
867
854
461
439
863
388
967
376
68
353
676
624
655
911
44
858
643
402
225
759
448
990
851
748
571
801
3
176
40
939
805
362
579
728
854
559
987
336
496
978
303
750
588
740
160
705
846
84
451
934
110
400
975
641
557
595
631
825
728
690
400
353
294
767
182
352
356
376
909
157
384
689
752
352
541
520
776
851
713
464
307
263
295
752
447
926
566
780
758
738
572
324
479
116
785
159
853
31
922
340
130
138
564
530
538
511
301
958
372
360
943
710
85
551
874
623
462
283
533
135
508
323
549
377
270
935
229
842
962
540
72
621
178
331
784
80
585
693
128
876
705
597
637
139
753
399
639
583
625
817
497
832
825
933
618
579
738
15
354
225
905
378
967
41
114
761
369
860
631
6
811
11
598
144
711
112
386
378
456
15
862
248
909
891
457
288
212
330
114
755
494
530
362
103
192
288
819
859
687
789
654
721
933
909
984
119
722
760
154
437
638
866
708
622
992
554
962
479
300
760
340
559
141
690
994
479
340
40
479
595
414
97
837
250
720
60
196
842
875
663
621
590
421
643
354
851
176
539
185
650
699
514
524
191
44
788
264
716
378
477
835
350
950
909
920
516
283
599
631
819
968
518
773
971
683
24
328
951
574
844
922
601
284
704
50
933
845
711
265
218
129
306
328
352
206
823
239
282
95
78
365
550
583
79
633
936
649
817
632
938
947
87
158
774
609
5
625
982
123
721
991
140
60
875
226
203
856
78
510
996
572
587
299
893
278
481
325
38
349
268
966
845
713
460
435
211
122
469
502
162
25
944
680
806
435
568
114
993
922
540
932
385
333
660
866
728
190
494
444
575
596
714
426
510
434
556
535
847
725
213
39
103
689
868
457
705
286
550
834
522
708
658
582
90
509
821
99
124
561
468
588
137
587
900
25
482
110
221
696
321
510
133
147
332
721
942
31
21
279
809
922
911
94
603
403
867
855
475
202
449
201
161
556
710
451
795
831
437
324
806
320
595
177
828
873
657
845
563
503
646
723
448
828
417
931
8
613
804
56
174
121
949
27
520
185
537
758
839
645
281
426
655
807
662
317
904
608
116
318
298
993
436
292
291
279
932
919
85
101
911
665
197
127
543
72
836
182
646
774
264
817
23
315
244
599
481
887
462
655
601
342
528
551
282
301
163
615
285
2
366
516
916
243
74
283
263
198
153
485
124
944
288
856
665
364
207
55
940
960
913
906
257
917
419
607
356
43
681
360
920
835
642
295
116
716
16
825
26
448
28
781
768
747
647
327
381
368
728
727
656
551
329
681
284
316
946
458
75
977
787
148
400
686
627
482
893
326
823
229
887
324
728
45
674
844
19
745
145
473
361
159
621
623
826
797
611
902
129
521
249
247
500
883
406
432
438
941
897
71
224
814
237
657
21
527
107
385
710
888
439
276
519
289
429
160
323
959
804
464
358
391
120
324
229
297
778
844
884
501
670
903
27
408
973
659
758
316
934
420
365
530
920
467
977
994
181
31
259
114
122
337
384
582
488
282
974
510
48
918
72
642
159
990
786
761
318
806
569
509
977
488
398
130
626
308
124
230
862
431
783
152
280
915
87
28
666
603
150
550
214
652
478
994
315
872
129
72
56
850
670
607
156
702
608
388
500
968
34
694
369
15
514
938
102
704
637
552
42
85
824
387
499
127
594
448
860
430
579
36
725
518
437
661
25
755
611
239
614
419
267
193
174
831
879
136
982
51
110
717
526
51
212
81
302
912
718
643
892
344
72
203
120
316
70
440
695
929
567
596
717
607
493
933
391
62
822
193
725
947
277
157
71
494
635
670
331
36
34
856
763
347
587
612
527
961
95
428
219
753
974
544
466
652
881
591
455
951
570
82
525
525
531
994
100
104
776
417
736
799
490
463
842
778
428
851
449
247
785
275
41
391
587
139
927
563
919
343
112
927
375
694
144
280
80
891
884
970
136
139
904
825
968
819
864
326
687
340
453
404
883
509
802
436
825
223
814
623
540
543
578
371
53
675
439
51
548
672
677
224
68
276
949
698
72
898
528
708
98
688
972
206
337
445
721
942
675
112
232
390
466
833
821
721
156
921
195
727
81
507
409
845
815
213
916
185
350
903
613
16
200
256
491
927
450
113
769
341
936
386
831
138
161
540
634
268
160
709
997
478
376
302
422
345
82
600
613
863
860
827
543
482
171
105
932
263
688
451
641
767
990
535
309
926
814
646
651
267
455
821
781
272
586
12
296
941
610
738
979
912
838
449
391
845
11
87
383
260
750
613
934
747
351
463
275
905
549
84
881
987
959
846
979
867
60
846
942
238
517
700
556
359
138
998
371
679
182
106
698
466
386
335
25
855
417
105
68
668
483
53
261
166
647
547
569
829
307
638
438
118
697
818
721
941
472
930
380
528
127
739
929
53
526
123
604
148
227
410
490
434
154
766
551
319
457
480
201
503
631
544
418
954
391
677
929
743
920
57
899
202
672
657
438
834
519
612
265
294
634
369
805
214
511
301
298
311
449
935
96
797
761
445
380
727
582
62
529
590
951
21
351
709
179
87
801
855
192
505
981
971
219
26
45
656
441
412
982
213
854
213
403
570
384
418
599
244
795
881
918
14
294
735
533
941
456
406
987
312
767
22
253
120
459
363
850
506
453
154
75
224
67
316
593
503
353
315
874
180
812
849
18
108
623
560
595
703
350
715
496
113
93
914
260
399
849
737
762
117
801
178
974
327
758
115
709
803
12
475
781
753
339
307
850
348
596
215
689
429
522
591
928
859
712
759
544
162
852
115
784
643
704
2
704
919
35
848
251
455
5
795
926
474
938
182
991
951
880
464
736
388
984
733
954
276
302
832
286
525
232
36
295
177
371
947
852
202
68
521
503
312
913
825
703
761
279
788
226
203
699
189
855
965
344
169
719
157
149
966
465
410
831
410
48
58
355
394
625
931
689
812
916
738
997
399
763
806
602
124
647
828
914
505
139
910
174
1
592
873
990
101
363
459
142
126
744
985
217
719
851
487
617
348
16
796
357
83
534
570
659
145
488
697
552
942
338
552
701
899
620
503
779
157
260
890
646
453
551
992
495
436
987
317
849
590
230
653
659
803
100
151
34
643
402
99
794
29
149
131
942
537
255
495
664
836
753
780
436
557
960
777
598
792
672
61
675
191
827
934
60
664
526
465
354
494
726
154
532
211
598
114
362
298
336
710
843
912
20
854
227
238
267
2
774
930
783
107
703
118
334
240
760
229
749
530
567
485
679
713
974
255
131
194
637
975
53
827
646
754
152
767
703
91
319
678
937
438
258
411
824
357
378
751
126
680
374
367
546
361
779
231
205
404
382
504
935
520
713
286
894
466
56
587
443
231
260
47
761
567
609
767
654
579
743
230
357
598
764
298
965
554
354
573
743
676
398
132
543
699
22
580
981
447
28
734
710
152
296
825
297
290
215
819
961
259
298
978
714
490
860
551
277
436
872
851
334
969
767
443
167
645
840
325
590
19
343
137
469
975
371
773
488
675
230
174
121
415
894
768
337
839
719
293
170
116
885
337
292
565
715
592
430
26
426
690
403
572
887
218
961
311
318
65
940
318
185
826
27
664
85
415
553
207
106
617
677
572
525
275
206
457
623
56
813
654
378
699
26
28
179
854
45
681
124
886
84
875
888
352
769
762
765
476
915
86
245
274
751
641
268
916
357
976
786
819
587
933
639
840
821
860
122
760
760
523
664
838
410
123
919
496
705
450
41
253
110
445
503
164
378
859
642
616
122
932
190
676
292
394
848
193
463
548
96
808
83
593
670
835
956
966
994
670
811
344
699
134
249
130
501
334
325
484
393
945
57
454
317
39
112
242
501
84
867
581
372
564
540
920
458
802
916
382
822
112
577
237
21
614
173
203
412
917
460
756
114
59
516
677
721
363
93
962
636
882
905
429
324
299
326
890
315
820
778
229
47
868
49
320
939
502
815
370
974
600
462
262
11
422
248
781
104
438
913
402
683
150
670
120
570
959
353
25
656
815
864
84
242
284
457
91
424
888
178
113
468
730
905
856
327
361
345
439
508
701
331
182
28
452
331
480
223
52
737
819
331
190
907
166
107
920
394
172
498
684
679
528
304
242
918
595
895
791
843
875
113
255
711
109
564
418
73
898
568
817
616
874
767
662
970
369
911
952
652
22
854
368
737
212
791
232
180
584
590
66
586
858
188
377
895
80
649
501
721
793
19
763
383
401
414
180
724
254
862
88
872
172
266
695
20
944
219
247
799
1000
492
634
689
563
589
581
41
312
180
181
930
389
130
536
600
600
581
42
129
563
907
150
289
622
71
896
969
770
821
597
692
669
814
869
626
450
974
167
478
753
467
27
356
531
722
131
563
684
934
327
960
564
777
268
600
794
638
928
189
539
26
688
547
25
163
134
439
501
735
90
537
953
41
281
662
833
680
929
34
644
557
164
636
952
123
236
82
181
486
616
407
639
374
872
234
131
80
72
845
975
956
107
871
693
202
657
932
128
728
713
963
206
448
209
390
675
153
371
444
772
541
822
140
154
937
11
97
804
187
42
714
440
88
302
272
608
450
448
312
608
275
819
533
543
308
249
204
454
723
750
363
318
341
145
87
764
1000
22
16
920
360
942
728
969
367
38
379
425
998
289
972
181
225
874
923
545
53
797
912
791
759
709
593
510
609
24
777
417
937
283
934
324
468
321
472
117
924
298
352
705
731
355
863
191
134
743
948
355
341
381
808
954
265
396
968
149
413
483
720
158
365
725
960
688
380
625
24
521
431
669
180
796
179
720
264
29
89
628
222
985
580
57
754
812
776
992
592
225
627
122
390
102
686
307
305
320
353
996
139
584
288
202
725
291
499
910
367
826
735
15
277
298
540
246
517
423
178
511
100
9
720
958
165
647
214
328
135
340
452
823
791
822
701
755
275
273
91
314
460
94
921
322
264
856
656
259
858
448
556
353
481
612
509
833
691
683
103
238
580
83
252
757
672
674
299
995
691
495
904
150
941
415
801
831
146
13
955
533
358
201
893
466
563
78
770
910
346
355
619
159
487
343
552
158
896
880
520
248
43
371
446
109
86
797
372
489
164
818
162
321
975
791
100
547
4
283
426
723
722
415
555
485
82
2
781
630
834
623
954
420
319
180
104
173
964
403
233
883
375
468
176
888
84
172
508
642
420
615
241
389
234
824
123
582
100
426
980
77
653
9
126
770
175
534
47
33
893
212
71
374
45
28
294
211
975
251
669
323
40
128
834
174
123
872
56
452
186
864
393
298
669
408
554
213
186
795
277
564
416
326
884
399
499
999
407
234
956
854
655
228
795
571
405
790
95
235
175
669
386
281
23
367
852
476
572
944
835
418
115
598
729
600
582
112
445
535
707
480
186
234
844
660
354
361
557
537
381
326
494
966
258
589
854
8
902
293
831
331
156
657
340
940
834
34
262
168
668
27
14
175
300
560
659
261
401
704
369
45
425
968
936
371
994
668
493
41
484
33
408
381
388
927
212
150
800
602
582
425
98
706
588
74
345
162
961
794
778
566
17
67
297
371
163
181
960
658
880
643
967
964
680
999
749
556
594
467
289
807
347
150
864
994
90
370
845
342
579
493
126
192
990
932
100
215
477
443
322
699
900
128
795
16
32
886
427
645
328
696
659
494
935
504
532
435
231
458
801
356
629
864
387
927
184
635
191
274
607
538
479
635
946
687
576
309
254
538
547
253
503
489
199
848
908
669
11
392
358
745
343
924
275
5
86
641
529
266
881
582
289
122
922
43
882
584
218
913
592
373
289
632
381
906
239
910
946
417
49
139
192
342
159
749
687
665
513
899
708
860
275
14
881
104
626
367
55
393
657
312
165
36
40
773
577
650
167
144
593
544
62
29
162
970
889
156
31
131
529
217
223
277
578
5
160
407
42
172
201
883
552
135
28
200
421
725
799
233
81
308
10
979
960
395
143
851
503
613
783
192
915
550
738
11
380
26
510
760
403
948
51
257
48
728
49
967
44
482
152
610
532
724
477
940
574
364
749
520
876
620
65
857
909
166
546
606
703
714
360
162
6
562
224
955
939
245
991
164
584
178
59
821
541
277
433
764
872
786
310
611
256
947
305
619
557
926
205
972
741
597
671
937
802
154
442
166
76
507
85
391
662
472
289
696
213
606
826
349
868
900
128
371
622
476
738
156
351
122
777
827
378
49
858
535
75
696
255
328
293
3
357
689
260
520
243
143
266
797
946
739
701
507
335
717
881
43
234
29
523
10
868
916
857
475
78
462
404
426
875
328
598
420
160
47
259
672
246
696
115
66
212
942
796
17
250
868
168
801
51
482
616
947
315
560
513
284
14
201
612
995
571
23
887
554
644
33
337
470
328
779
55
60
354
110
171
689
681
79
284
723
222
570
640
942
989
123
379
101
618
210
820
538
938
866
18
479
53
450
108
375
544
865
984
303
752
828
43
762
861
152
198
419
948
510
158
24
15
229
990
16
506
754
64
471
305
437
702
820
496
685
262
382
97
199
373
469
480
797
934
688
731
346
257
650
630
180
643
591
211
710
397
581
932
796
298
777
375
104
225
496
970
362
205
984
66
965
67
359
98
130
420
578
936
160
302
469
675
180
658
55
113
446
896
283
86
119
129
815
262
205
973
389
677
242
543
316
276
313
894
389
282
483
513
515
620
774
923
285
239
201
84
306
613
921
301
752
98
579
775
125
312
58
362
107
35
153
928
141
653
868
364
409
898
640
807
344
926
555
928
381
288
66
774
44
929
166
861
318
155
275
92
682
275
177
306
458
236
777
442
536
331
470
2
555
788
138
767
993
976
769
305
996
639
888
390
357
747
567
106
69
249
96
696
157
603
828
869
811
328
687
700
879
571
130
90
554
411
30
918
672
949
113
946
718
788
976
645
54
420
754
567
292
843
309
307
389
671
961
722
717
235
307
924
546
155
70
889
907
111
404
778
325
763
112
135
337
464
817
510
254
525
121
304
61
711
846
540
282
555
105
161
41
357
111
987
636
897
295
923
170
418
261
774
683
168
919
743
115
588
183
985
517
951
4
96
505
772
436
766
899
514
648
155
693
473
37
795
255
51
669
16
157
708
536
824
279
571
110
721
99
426
198
172
976
424
252
455
322
266
243
290
195
827
922
961
766
437
937
777
660
713
805
111
404
179
135
533
510
573
349
898
409
932
941
594
11
112
651
894
500
16
229
47
164
103
622
655
110
670
712
915
57
607
807
352
319
91
349
213
619
909
555
336
315
523
848
438
58
117
440
504
523
691
301
130
188
132
190
679
72
984
66
465
748
848
523
561
85
554
941
568
956
550
357
130
82
968
905
935
272
758
440
856
584
83
900
310
651
978
717
936
161
517
708
755
977
227
143
672
476
930
421
280
722
574
23
540
183
486
538
887
63
578
298
433
183
902
598
901
256
814
623
108
906
15
221
752
474
807
490
362
308
305
862
527
895
476
688
124
136
253
534
918
212
939
713
806
914
387
68
911
805
19
388
674
45
438
382
33
678
147
653
508
502
589
675
471
98
183
353
337
780
816
801
377
573
909
99
629
54
133
97
806
484
740
920
427
229
205
717
753
841
871
17
923
551
734
989
237
39
107
494
174
14
275
510
784
121
656
575
940
947
125
983
359
644
502
766
98
618
800
932
633
513
105
999
798
54
814
372
960
702
446
952
235
819
447
744
331
676
359
560
994
526
222
533
594
326
344
431
895
630
669
783
464
540
292
898
121
403
50
695
81
816
291
837
182
389
472
706
326
198
547
681
984
920
781
645
246
640
744
565
841
647
581
108
849
485
426
124
399
935
82
824
130
826
888
770
338
34
858
307
198
10
765
209
67
603
228
821
497
460
61
848
311
420
993
895
928
183
678
407
132
480
881
936
850
63
174
679
665
972
399
67
709
675
242
826
351
292
507
775
469
235
261
127
36
901
40
357
596
106
887
304
155
869
893
233
900
265
201
148
175
778
600
132
851
830
894
388
676
935
530
5
570
877
339
955
797
163
676
476
902
68
154
288
467
968
192
215
667
914
290
177
673
776
586
866
811
80
974
122
11
533
86
252
29
73
551
535
193
52
495
931
586
49
594
365
934
778
221
600
948
214
67
823
229
713
858
978
679
203
50
981
545
518
751
882
672
353
337
13
554
444
326
711
423
227
204
563
97
735
225
51
595
673
316
993
277
163
749
115
416
393
873
799
607
515
1
677
86
252
67
34
854
588
96
34
173
560
232
138
312
537
552
865
91
562
398
500
513
448
768
559
688
434
106
14
229
925
464
131
337
299
891
143
5
273
33
376
589
93
570
497
994
173
322
616
576
433
912
202
950
2
288
608
804
263
867
28
42
28
140
197
488
776
861
393
910
471
831
723
269
472
767
36
60
725
736
458
685
279
363
887
915
601
321
924
993
852
125
499
963
860
778
585
959
558
481
449
748
660
925
373
888
583
484
569
819
134
415
605
976
643
35
477
417
425
187
906
367
223
371
434
477
933
270
81
836
800
631
968
309
726
883
150
780
882
192
558
219
874
361
131
83
922
738
829
163
283
550
339
312
154
313
803
452
999
849
877
906
117
675
720
789
266
28
342
633
402
230
164
316
889
83
516
910
48
479
429
25
685
368
72
705
895
995
923
785
488
551
542
799
898
197
689
427
871
892
245
894
505
514
820
804
730
942
311
400
299
488
206
586
730
944
330
980
722
332
478
538
304
910
715
579
867
714
812
729
558
765
495
310
832
461
828
844
7
541
440
818
72
332
421
265
271
62
572
727
718
413
436
419
606
182
227
781
657
912
110
180
32
876
892
813
381
454
91
245
245
748
25
485
215
830
348
886
749
365
973
847
719
898
635
5
232
356
200
24
288
641
973
87
568
891
314
397
112
832
933
451
503
342
121
918
48
921
275
295
168
106
755
926
251
964
395
424
330
583
686
75
974
711
456
344
904
826
46
877
552
380
17
431
386
765
46
441
300
215
437
127
39
261
481
271
394
15
620
458
135
795
277
307
74
224
790
992
826
912
296
133
412
623
993
428
330
29
827
752
102
430
661
561
509
372
85
390
222
947
554
974
981
44
682
232
299
771
152
532
566
190
968
518
524
691
556
684
279
24
838
390
121
180
312
162
392
760
523
274
897
724
186
121
208
285
998
726
818
523
250
80
925
765
147
730
233
821
503
637
610
769
461
341
469
843
755
707
941
412
357
242
275
608
849
656
626
793
295
975
130
916
560
673
192
898
158
632
284
391
814
885
280
423
44
833
476
103
588
241
775
755
848
141
222
876
603
606
576
132
979
554
494
759
405
628
651
358
488
718
44
132
13
969
823
130
431
251
231
915
949
249
87
401
295
665
172
547
604
382
997
894
970
29
138
920
826
353
503
495
887
179
986
337
43
213
943
859
862
436
270
283
591
879
871
887
494
747
52
126
756
960
166
762
833
429
763
461
861
848
56
522
713
991
410
921
84
654
814
64
549
336
179
791
98
980
218
74
502
463
479
145
85
576
886
523
855
500
796
423
147
958
437
701
827
675
120
297
401
476
651
453
995
914
527
989
232
238
223
856
427
372
580
455
816
676
5
997
857
208
329
402
295
970
973
78
920
771
480
449
942
743
498
708
195
6
467
504
363
308
589
335
641
439
684
404
531
647
777
653
800
682
785
78
482
383
910
970
763
964
150
228
392
327
74
509
127
890
413
942
318
529
995
556
441
23
401
445
638
314
986
208
731
986
530
956
227
31
595
534
642
236
724
339
633
37
836
614
193
479
176
613
924
820
217
158
94
272
771
978
623
111
630
256
432
617
683
333
308
581
192
38
911
385
925
476
988
263
46
309
94
369
524
819
228
511
802
21
531
637
627
245
591
285
220
191
203
808
48
298
562
500
173
882
117
930
563
542
520
130
749
504
351
24
258
821
245
310
715
435
507
222
568
267
364
317
407
726
474
38
791
376
283
244
678
250
379
724
380
156
644
739
591
375
240
310
203
848
598
907
381
508
462
322
880
423
844
517
370
701
557
559
786
717
928
339
58
177
909
434
552
204
57
724
215
961
373
769
509
338
955
740
952
578
22
222
814
82
401
231
741
228
460
300
13
486
281
123
88
579
637
67
709
975
553
483
286
843
154
659
1
655
16
325
68
50
776
168
800
941
340
72
59
846
26
643
858
71
165
355
839
972
14
586
633
571
801
923
620
281
997
16
734
674
44
309
952
365
121
295
260
455
304
924
76
467
689
405
807
159
907
759
479
196
241
700
50
33
42
829
237
4
518
186
677
961
13
540
487
491
673
809
553
658
859
503
391
707
878
126
454
917
43
907
625
542
655
440
741
353
795
721
68
911
70
699
657
736
827
553
931
756
153
586
801
382
647
250
657
629
798
812
723
657
538
418
175
561
596
231
270
165
101
716
489
972
446
598
615
732
343
497
892
478
442
726
323
276
892
653
312
81
866
836
154
159
367
57
116
682
366
960
526
148
392
675
941
453
705
128
899
744
162
874
516
249
383
516
123
